acc_list=[(0.9645), (0.9630), (0.9645), (0.9640), (0.9635), (0.9625), (0.9625), (0.9615), (0.9620), (0.9620), (0.9625)]
sparse_list= [1.0, 0.0249205340114431, 0.018073370479787593, 0.016614935866272766, 0.016057739052391457, 0.01573613552223178, 0.0155192401181706, 0.015369657080887028, 0.015287386410381062, 0.015223813619535545, 0.015186417860214652]
th_list= [0.25, 0.24, 0.23, 0.22, 0.21, 0.2, 0.19, 0.18, 0.16999999999999998, 0.16]
--------------
