on Lenet5

acc_list= [0.9820, 0.9485, 0.9520, 0.9550, 0.9600, 0.9585, 0.9585, 0.9590, 0.9580, 0.9585, 0.9560]
sparse_list= [1.0, 0.03391890577901663, 0.025978024827407385, 0.024584319191002495, 0.023871260493306973, 0.02359576054192461, 0.02340128998800765, 0.023287848831556088, 0.023158201795611448, 0.023125790036625286, 0.023044760639159886]
th_list= [0.24, 0.22999999999999998, 0.22, 0.21, 0.19999999999999998, 0.19, 0.18, 0.16999999999999998, 0.15999999999999998, 0.15]
